6032.63 5585.62 
8045.78 5386.94 
8313.63 6416.07 
6043.65 5642.94 
8222.49 5615.4 
5871.29 7445.65 
5728.46 6896.43 
9063.65 6010.25 
9011.46 5685.45 
9333.77 7207.09 
4115.97 6637.04 
5187.51 6291.37 
5960.32 5978.99 
9408.61 5578.42 
6339.51 7006.65 
5685.29 6398.75 
5906.09 6421.05 
6106.1 6544.64 
8013.79 5239.76 
4333.85 8085.01 
3903.77 8957.73 
4517.15 8377.67 
7511.85 4699.79 
7989.07 4230.91 
8581.88 4466.14 
7123.26 3982.05 
7208.42 3680.44 
7398.34 3641.63 
7224.52 3526.6 
7388.15 3363.33 
7306.52 3047.66 
7295.63 3031.17 
7480.06 2685.49 
7801.52 3646.36 
7717.95 3548.55 
7639.81 3121.46 
7808.58 3065.09 
8027.98 3362.63 
7928.03 3077.09 
8133.29 3428.81 
8274.59 3409.92 
8210.32 3202.09 
8497.82 3405.55 
8573.99 3081.17 
7772.03 3021.47 
7575.09 2537.61 
7855.64 2945.74 
8030.48 2918.21 
7996.42 2639.94 
7762.86 2413.6 
8140.46 3011.01 
8144.82 2490.14 
8624.09 3403.59 
8658.92 3144.64 
6467.44 3076.15 
9088.42 3306.42 
9154.54 3255.31 
8231.46 2883.95 
8226.04 2546.38 
8457.47 2810.5 
7238.73 4170.7 
7693.34 2615.74 
8823.53 2779.13 
8454.45 2615.95 
8663.16 2883.83 
8531.16 2552.95 
8555.65 2362.66 
8633.62 2560.54 
8991.53 2648.54 
8650.02 2372.59 
8838.56 2395.08 
8742.01 2231.76 
8909.45 2367.62 
9144.79 2647.87 
9440.36 2060.78 
9398.9 1764.23 
9037.42 2129.57 
9307.57 1910.97 
1551.83 7322.07 
3194.12 6936.69 
1633.24 6387.96 
3098.33 6094.4 
4057.12 5800.22 
1680.4 7459.39 
2773.46 5240.49 
2632.34 4610.93 
2270.79 4859.83 
4135.79 4131.62 
5279.27 7825.22 
5336.9 9102.78 
5773.48 8435.6 
5229.54 9472.06 
5151.63 8665.29 
5672.65 9067.38 
5469.56 3447.1 
5502.11 3519.84 
6182.84 3522.76 
6425.1 3428.77 
5351.44 4124.27 
6226.1 3852.14 
