0
10737
21474
32211
42948
53685
64422
75159
85896
96633
107370
118107
128844
139581
150318
161055
171792
182529
193266
204003
214740
225477
236214
246951
257688
268425
279162
289899
300636
311373
322110
332847
343584
354321
365058
375795
386532
397269
408006
418743
429480
440217
450954
461691
472428
483165
493902
504639
515376
526113
536850
547587
558324
569061
579798
590535
601272
612009
622746
633483
644220
654957
665694
676431
687168
697905
708642
719379
730116
740853
751590
762327
773064
783801
794538
805275
816012
826749
837486
848223
858960
869697
880434
891171
901908
912645
923382
934119
944856
955593
966330
977067
987804
998541
1009278
1020015
1030752
1041489
1052226
1062963
