7634 2195 9476 8392 5293 4915 5835 8934 6843 5104 5375 7384 7888 5973 5239 6380 7636 6931 5606 5810 
4250 6782 1773 578 9094 5516 4278 1176 4836 7305 4897 2727 3006 6071 6101 3812 2866 4538 6086 4956 
4346 4131 3114 7758 4731 4239 3623 5436 6245 4485 3931 4530 5840 5365 4208 4230 5185 5603 4786 4219 
601 8329 8464 4665 8609 4465 8396 6564 6637 6537 6431 7480 6600 6587 6484 6955 7040 6594 6535 6720 
2917 4804 5329 1531 801 3861 5067 3430 1166 2331 4464 4248 2298 1748 3397 4356 3273 2023 2573 3877 
8056 5149 436 6759 5667 6602 2792 3597 6213 6135 4697 3195 4905 6174 5416 3946 4050 5540 5795 4681 
8379 3868 15 7179 1860 6124 1942 3597 4520 3992 4033 2769 4058 4256 4013 3401 3414 4157 4134 3707 
1366 7618 3281 1824 8100 4492 5450 2553 4962 6296 4971 4001 3757 5629 5633 4486 3879 4693 5631 5060 
5206 5987 1313 6676 3881 5597 3650 3994 5278 4739 4623 3822 4636 5008 4681 4223 4229 4822 4845 4452 
2635 414 8111 9864 9576 1525 4263 8987 9720 5550 2894 6625 9354 7635 4222 4759 7989 8494 5928 4491 
2240 6868 5469 1226 2040 4554 6168 3347 1633 3297 5361 4758 2490 2465 4329 5059 3624 2477 3397 4694 
1440 4018 6717 1489 820 2729 5368 4103 1154 1774 4048 4735 2629 1464 2911 4392 3682 2047 2188 3652 
917 3424 2261 7769 4955 2171 2842 5015 6362 3563 2507 3929 5688 4962 3035 3217 4808 5325 3999 3126 
1651 7817 783 6296 2015 4734 4300 3539 4155 3374 4517 3920 3847 3765 3946 4218 3883 3806 3855 4082 
2446 3703 1579 3225 3392 3074 2641 2402 3309 3233 2858 2522 2855 3271 3045 2690 2688 3063 3158 2868 
3036 1130 4922 6287 2788 2083 3026 5604 4537 2435 2554 4315 5071 3486 2495 3435 4693 4278 2990 2965 
9598 4534 8446 6460 1907 7066 6490 7453 4184 4486 6778 6972 5818 4335 5632 6875 6395 5077 4984 6254 
5307 6089 5500 734 7639 5698 5795 3117 4187 6669 5746 4456 3652 5428 6208 5101 4054 4540 5818 5654 
1488 775 2401 7673 7199 1132 1588 5037 7436 4165 1360 3313 6237 5801 2763 2336 4775 6019 4282 2549 
8428 5225 8439 9206 6765 6827 6832 8822 7986 6796 6829 7827 8404 7391 6813 7328 8116 7897 7102 7070 
105 6511 9834 3474 293 3308 8172 6654 1884 1801 5740 7413 4269 1842 3771 6577 5841 3056 2806 5174 
3885 2220 6077 4429 4280 3053 4148 5253 4354 3666 3600 4701 4804 4010 3633 4150 4752 4407 3822 3892 
961 9258 2131 5990 2172 5110 5694 4060 4081 3641 5402 4877 4070 3861 4521 5140 4474 3966 4191 4830 
4802 9593 2759 5930 7226 7197 6176 4344 6578 7212 6687 5260 5461 6895 6949 5973 5361 6178 6922 6461 
9496 9073 5926 7586 1271 9284 7499 6756 4429 5278 8392 7127 5592 4853 6835 7760 6360 5223 5844 7297 
9383 8249 5437 2171 5973 8816 6843 3804 4072 7395 7830 5324 3938 5733 7612 6577 4631 4836 6673 7094 
6342 9001 8113 4395 4580 7672 8557 6254 4488 6126 8114 7406 5371 5307 7120 7760 6388 5339 6213 7440 
3004 6888 2782 6251 4984 4946 4835 4516 5617 4965 4890 4676 5067 5291 4928 4783 4871 5179 5109 4855 
1618 761 8290 7569 6868 1190 4526 7929 7218 4029 2858 6227 7574 5624 3443 4542 6901 6599 4533 3993 
6656 4466 1224 8458 3860 5561 2845 4841 6159 4711 4203 3843 5500 5435 4457 4023 4672 5467 4946 4240 
2278 5468 4801 6246 9437 3873 5134 5523 7842 6655 4504 5329 6682 7248 5579 4916 6006 6965 6414 5248 
7506 691 406 6432 5256 4099 549 3419 5844 4677 2324 1984 4632 5261 3501 2154 3308 4946 4381 2827 
2330 4136 7065 1571 5642 3233 5601 4318 3607 4437 4417 4960 3962 4022 4427 4688 4461 3992 4225 4558 
2855 621 8950 5642 7755 1738 4786 7296 6698 4746 3262 6041 6997 5722 4004 4651 6519 6360 4863 4328 
558 8206 2718 8979 3822 4382 5462 5848 6400 4102 4922 5655 6124 5251 4512 5289 5890 5688 4882 4900 
8812 8572 8951 263 9190 8692 8761 4607 4726 8941 8727 6684 4667 6834 8834 7705 5675 5750 7834 8270 
7404 9009 4837 4295 1957 8207 6923 4566 3126 5082 7565 5745 3846 4104 6323 6655 4796 3975 5214 6489 
9590 8815 9654 5371 5341 9202 9234 7512 5356 7272 9218 8373 6434 6314 8245 8796 7404 6374 7279 8520 
7650 4832 5041 1121 5126 6241 4936 3081 3124 5684 5589 4009 3102 4404 5636 4799 3556 3753 5020 5217 
9948 6420 6632 8866 6427 8184 6526 7749 7646 7305 7355 7138 7698 7476 7330 7246 7418 7587 7403 7288 
9503 5555 2220 6105 6121 7529 3887 4163 6113 6825 5708 4025 5138 6469 6266 4866 4581 5803 6368 5566 
3209 4809 9062 2183 6594 4009 6936 5623 4389 5302 5472 6279 5006 4845 5387 5876 5642 4925 5116 5631 
409 1224 5352 7255 2290 817 3288 6303 4772 1553 2052 4796 5538 3163 1803 3424 5167 4350 2483 2613 
4858 8761 6889 3238 2872 6809 7825 5064 3055 4841 7317 6444 4059 3948 6079 6881 5252 4004 5013 6480 
3163 2970 4171 1510 6301 3066 3570 2840 3905 4684 3318 3205 3373 4294 4001 3262 3289 3834 4148 3631 
1638 9389 8425 5489 5323 5514 8907 6957 5406 5418 7210 7932 6181 5412 6314 7571 7057 5797 5863 6943 
4513 9268 4364 8221 9594 6891 6816 6293 8908 8242 6853 6554 7600 8575 7548 6704 7077 8088 8061 7126 
2423 8333 1547 8398 2796 5378 4940 4972 5597 4087 5159 4956 5285 4842 4623 5057 5120 5063 4732 4840 
4717 3241 3162 8117 2851 3979 3201 5639 5484 3415 3590 4420 5562 4449 3502 4005 4991 5005 3976 3754 
6128 1571 4047 2397 8115 3850 2809 3222 5256 5982 3329 3016 4239 5619 4656 3173 3627 4929 5138 3914 
8512 1126 3785 8022 6253 4819 2456 5903 7137 5536 3637 4179 6520 6337 4587 3908 5350 6429 5462 4248 
9751 2889 5687 61 4955 6320 4288 2874 2508 5638 5304 3581 2691 4073 5471 4443 3136 3382 4772 4957 
9956 8596 9989 6894 4536 9276 9292 8441 5715 6906 9284 8867 7078 6310 8095 9075 7972 6694 7203 8585 
8144 4177 439 6774 4190 6160 2308 3607 5482 5175 4234 2957 4544 5329 4705 3596 3751 4937 5017 4150 
2409 3193 8932 356 597 2801 6063 4644 477 1699 4432 5353 2560 1088 3065 4893 3957 1824 2077 3979 
9053 1626 1529 4579 5799 5339 1577 3054 5189 5569 3458 2315 4121 5379 4514 2887 3218 4750 4946 3700 
4043 5846 7096 357 5426 4945 6471 3727 2891 5185 5708 5099 3309 4038 5447 5403 4204 3674 4742 5425 
6187 8795 5878 8696 8019 7491 7337 7287 8357 7755 7414 7312 7822 8056 7584 7363 7567 7939 7820 7473 
4286 1036 4648 4695 9413 2661 2842 4672 7054 6037 2751 3757 5863 6546 4394 3254 4810 6204 5470 3824 
6071 6487 3189 8840 8130 6279 4838 6014 8485 7205 5558 5426 7249 7845 6381 5492 6338 7547 7113 5937 
3043 3087 3392 7228 7370 3065 3240 5310 7299 5217 3152 4275 6304 6258 4185 3714 5290 6281 5221 3949 
8420 7823 1341 4848 5221 8122 4582 3094 5034 6671 6352 3838 4064 5853 6512 5095 3951 4958 6182 5803 
5032 1302 6100 1353 5824 3167 3701 3726 3588 4496 3434 3714 3657 4042 3965 3574 3686 3850 4003 3769 
4428 169 2435 160 1581 2299 1302 1297 871 1940 1800 1300 1084 1405 1870 1550 1192 1245 1638 1710 
9834 4492 8184 2768 4216 7163 6338 5476 3492 5690 6750 5907 4484 4591 6220 6328 5195 4537 5405 6274 
6782 5601 7652 8470 4716 6192 6627 8061 6593 5454 6409 7344 7327 6023 5931 6877 7335 6675 5977 6404 
9465 3574 8888 4552 8420 6520 6231 6720 6486 7470 6375 6475 6603 6978 6923 6425 6539 6790 6950 6674 
3967 3152 3506 5630 4480 3559 3329 4568 5055 4020 3444 3948 4811 4537 3732 3696 4380 4674 4135 3714 
5864 8505 2747 7181 1679 7184 5626 4964 4430 4432 6405 5295 4697 4431 5418 5850 4996 4564 4924 5634 
8792 238 9971 979 5655 4515 5104 5475 3317 5085 4810 5290 4396 4201 4947 5050 4843 4299 4574 4998 
2355 8570 345 9160 8044 5463 4457 4752 8602 6754 4960 4605 6677 7678 5857 4782 5641 7177 6767 5320 
1704 2802 6618 4392 4841 2253 4710 5505 4616 3547 3481 5107 5061 4082 3514 4294 5084 4571 3798 3904 
6102 3791 8692 7539 1667 4946 6242 8115 4603 3307 5594 7179 6359 3955 4450 6386 6769 5157 4202 5418 
508 5661 5628 8436 7709 3084 5644 7032 8072 5397 4364 6338 7552 6734 4880 5351 6945 7143 5807 5116 
1275 1112 8281 4465 8513 1193 4696 6373 6489 4853 2945 5535 6431 5671 3899 4240 5983 6051 4785 4069 
904 6503 2824 5271 8905 3704 4664 4047 7088 6304 4184 4356 5568 6696 5244 4270 4962 6132 5970 4757 
3949 3177 2528 1490 3771 3563 2853 2009 2630 3667 3208 2431 2319 3149 3437 2819 2375 2734 3293 3128 
3439 7145 5506 6609 9379 5292 6325 6057 7994 7336 5809 6191 7026 7665 6572 6000 6608 7345 7119 6286 
6922 604 1081 8691 3976 3763 843 4886 6334 3869 2303 2864 5610 5101 3086 2583 4237 5356 4094 2835 
9473 4569 3346 4608 5162 7021 3957 3977 4885 6091 5489 3967 4431 5488 5790 4728 4199 4959 5639 5259 
8979 2185 7224 8961 342 5582 4705 8093 4652 2962 5143 6399 6372 3807 4053 5771 6385 5089 3930 4912 
6182 4476 7245 8542 8739 5329 5861 7893 8640 7034 5595 6877 8267 7837 6314 6236 7572 8052 7076 6275 
1271 1231 89 3811 2897 1251 660 1950 3354 2074 956 1305 2652 2714 1515 1130 1978 2683 2115 1323 
4845 1697 7390 9763 408 3271 4544 8576 5085 1839 3907 6560 6831 3462 2873 5234 6695 5146 3168 4054 
5940 5719 2618 2698 8918 5830 4168 2658 5808 7374 4999 3413 4233 6591 6186 4206 3823 5412 6389 5196 
2817 6390 2418 5187 9057 4603 4404 3802 7122 6830 4504 4103 5462 6976 5667 4303 4783 6219 6321 4985 
9958 2737 3276 2471 3767 6347 3006 2873 3119 5057 4677 2940 2996 4088 4867 3808 2968 3542 4478 4338 
9369 1441 417 677 1179 5405 929 547 928 3292 3167 738 737 2110 3229 1952 738 1424 2670 2591 
2423 3131 8171 8221 4065 2777 5651 8196 6143 3421 4214 6924 7169 4782 3817 5569 7046 5976 4300 4693 
8354 4361 4839 3043 9365 6358 4600 3941 6204 7861 5479 4270 5072 7033 6670 4874 4671 6052 6851 5772 
3719 7924 8575 775 6225 5822 8249 4675 3500 6023 7035 6462 4088 4762 6529 6749 5275 4425 5645 6639 
1213 4823 4229 5447 6408 3018 4526 4838 5927 4713 3772 4682 5383 5320 4242 4227 5032 5351 4781 4234 
535 4915 8678 3971 9411 2725 6796 6324 6691 6068 4761 6560 6508 6380 5414 5660 6534 6444 5897 5537 
7153 1307 470 1314 9687 4230 889 892 5501 6959 2559 890 3196 6230 4759 1725 2043 4713 5494 3242 
4895 9911 6270 4101 8609 7403 8090 5186 6355 8006 7747 6638 5770 7181 7876 7192 6204 6475 7528 7534 
755 4391 4000 1481 2818 2573 4195 2740 2149 2695 3384 3468 2445 2422 3040 3426 2956 2434 2731 3233 
3976 5800 7993 3481 2131 4888 6896 5737 2806 3510 5892 6317 4271 3158 4701 6104 5294 3715 3929 5403 
8308 3717 3084 5668 2202 6012 3400 4376 3935 4107 4706 3888 4156 4021 4407 4297 4022 4088 4214 4352 
4535 2693 5518 8317 8960 3614 4106 6918 8638 6287 3860 5512 7778 7463 5073 4686 6645 7620 6268 4879 
7226 5443 1919 6693 2052 6334 3681 4306 4372 4193 5008 3994 4339 4283 4600 4501 4166 4311 4442 4551 
