9404 1362 2196 6732 4840 5383 1779 4464 5786 5112 3581 3122 5125 5449 4346 3351 4123 5287 4898 3849
4152 5832 1362 1954 7681 4992 3597 1658 4818 6336 4294 2628 3238 5577 5315 3461 2933 4407 5446 4388
6953 9700 5794 1243 3906 8326 7747 3519 2575 6116 8036 5633 3047 4345 7076 6835 4340 3696 5711 6955
9214 5950 5979 805 47 7582 5965 3392 426 3815 6773 4678 1909 2120 5294 5726 3294 2015 3707 5510
2455 8551 5049 3893 7139 5503 6800 4471 5516 6321 6151 5635 4994 5919 6236 5893 5314 5456 6077 6065
2246 8472 16 8745 2675 5359 4244 4380 5710 4017 4801 4312 5045 4864 4409 4557 4679 4954 4636 4483
9316 1941 3545 7990 9207 5629 2743 5767 8599 7418 4186 4255 7183 8008 5802 4221 5719 7596 6905 5011
1291 4907 3468 274 4357 3099 4188 1871 2316 3728 3643 3030 2093 3022 3686 3336 2561 2558 3354 3511
3780 222 7671 3261 9142 2001 3946 5466 6201 5571 2974 4706 5834 5886 4272 3840 5270 5860 5079 4056
7657 4571 8588 5000 6132 6114 6579 6794 5566 6123 6347 6687 6180 5844 6235 6517 6433 6012 6040 6376
3851 4400 2865 4552 311 4125 3633 3709 2432 2218 3879 3671 3070 2325 3049 3775 3370 2698 2687 3412
954 1763 8088 5205 3374 1359 4925 6646 4289 2366 3142 5786 5468 3328 2754 4464 5627 4398 3041 3609
8327 9822 4856 569 8384 9074 7339 2713 4477 8729 8207 5026 3595 6603 8468 6616 4310 5099 7535 7542
9484 5573 4142 5747 1395 7529 4858 4944 3571 4462 6193 4901 4257 4016 5327 5547 4579 4137 4672 5437
9354 6761 3903 6713 4191 8057 5332 5308 5452 6124 6695 5320 5380 5788 6409 6007 5350 5584 6099 6208
5167 8567 435 9283 9522 6867 4501 4859 9402 8195 5684 4680 7131 8799 6939 5182 5905 7965 7869 6061
3069 7808 546 9974 7061 5439 4177 5260 8518 6250 4808 4718 6889 7384 5529 4763 5804 7136 6456 5146
5428 8791 3328 2950 1387 7109 6059 3139 2169 4248 6584 4599 2654 3208 5416 5592 3626 2931 4312 5504
9790 877 6958 7375 8843 5333 3918 7167 8109 7088 4625 5542 7638 7599 5857 5084 6590 7618 6728 5470
237 9026 5210 7360 4501 4632 7118 6285 5931 4566 5875 6702 6108 5248 5220 6288 6405 5678 5234 5754
